AUTUMN LEAVES

$1 DROP LEAF
$2 FALL
$6 - $8 TRAILS



#1
X G.BTNX; Y G.BTNY
C O; Y + Y 1
G.BTN C X Y 1 1 0 15 0
G.BTN.EN C 1
I C; $ 2

#2
X G.BTN.X I; Y G.BTN.Y I
IF EQ Y 8: G.BTN.EN I 0
IF G.BTN.EN I: $ 3

#3
G.LED X Y 12; Y + Y 1; X + X R
G.BTN.Y I Y; G.BTN.X I X
J / * - 8 Y 350 8
JF.NOTE N.B X VV J

#4

#5
I RRAND 0 15
TR.P 1; G.BTN.PR + 99 I 1

#6
I MAX 0 - G.LED X Y 4
G.LED X Y I

#7
L 1 7: Y I; $ 6

#8
L 0 15: X I; $ 7

#M
R.MIN 0; R.MAX PARAM
PROB IN: $ 5
DEL.R O.MAX / M 16: I O; $ 2
$ 8; TR.P 4

#I
G.RST; JF.MODE 1; JF.VTR 0 V 0
O.MIN 0; O.MAX 6
G.BTX 99 0 0 1 1 0 15 1 16 1
M BPM 180; M.ACT 1
PARAM.SCALE -4 4; N.B 0 -10
IN.SCALE 0 200

#P
7	0	0	0
1	1	1	1
0	0	0	0
63	63	63	63

0	0	0	0
0	0	0	0
0	0	0	0
0	0	0	0
0	0	0	0
0	0	0	0
0	0	0	0
0	0	0	0
0	0	0	0
0	0	0	0
0	0	0	0
0	0	0	0
0	0	0	0
0	0	0	0
0	0	0	0
0	0	0	0
0	0	0	0
0	0	0	0
0	0	0	0
0	0	0	0
0	0	0	0
0	0	0	0
0	0	0	0
0	0	0	0
0	0	0	0
0	0	0	0
0	0	0	0
0	0	0	0
0	0	0	0
0	0	0	0
0	0	0	0
0	0	0	0
0	0	0	0
0	0	0	0
0	0	0	0
0	0	0	0
0	0	0	0
0	0	0	0
0	0	0	0
0	0	0	0
0	0	0	0
0	0	0	0
0	0	0	0
0	0	0	0
0	0	0	0
0	0	0	0
0	0	0	0
0	0	0	0
0	0	0	0
0	0	0	0
0	0	0	0
0	0	0	0
0	0	0	0
0	0	0	0
0	0	0	0
0	0	0	0
0	0	0	0
0	0	0	0
0	0	0	0
0	0	0	0
0	0	0	0
0	0	0	0
0	0	0	0
0	0	0	0

#G
0000000000000000
0000000000000000
0000000000000000
0000000000000000
0000000000000000
0000000000000000
0001111111111111
1110000000000000
0000000000000000
0000000000000000
0000000000000000
0000000000000000
0000000000000000
0000000000000000
0000000000000000
0000000000000000

0	0	0	0	0	0	0	0	0	0	0	0	0	0	0	0
0	0	0	0	0	0	0	0	0	0	0	0	0	0	0	0
0	0	0	0	0	0	0	0	0	0	0	0	0	0	0	0
0	0	0	0	0	0	0	0	0	0	0	0	0	0	0	0
